y,theta_star,x_star
0.5,0.260571704840284,1.073495523247578
0.8,0.15273309367719445,1.3595184924161499
1.0999999999999999,0.10142488120759174,1.6704416752423017
1.4,0.07263537256967356,1.9927418063067217
1.7,0.05473110600817099,2.3186870800691146
2.0,0.04278398284295881,2.6463299274385843
2.3,0.03438809821179789,2.9747465447491708
2.6,0.028244911668177552,3.301197051104614
2.9,0.023599088016377223,3.6236241425628792
3.2,0.0199849490475148,3.939868098895113
3.5,0.01710154230067462,4.25061074143617
3.8000000000000003,0.01474670401476641,4.5462163861736204
4.1,0.01278014464812327,4.822529626386875
4.3999999999999995,0.011101873908807791,5.0736082495477435
4.699999999999999,0.00963928274980641,5.292978933672242
5.0,0.008339106652664796,5.476092627430025
