y,theta_star,x_star
0.5,0.3172223824488023,0.9923051383376993
0.8,0.19603588229055657,1.2435783566799505
1.1,0.13660079848930762,1.534832520348793
1.4,0.10175896659065287,1.8397779783439214
1.7000000000000002,0.07920932033176076,2.153511841941423
2.0,0.06362973463579236,2.468688793059579
2.3,0.05234840702669885,2.78628110952603
2.6000000000000005,0.043883361463054715,3.1028800595432906
2.9000000000000004,0.03735090364253946,3.4197107029220133
3.2,0.03219406958552806,3.734470171942253
3.5,0.028046205499450583,4.046752761921614
3.8000000000000003,0.02465697521407062,4.3601727695510855
4.1000000000000005,0.02185020683735628,4.669797094026865
4.4,0.019498507632475848,4.982564244281425
4.7,0.017507415844083773,5.295078301245013
5.0,0.015805408931136578,5.604982558413499
