min panel size,zeta
0.0005,0.021165046732661105
0.0002830188679245283,0.024690114630616024
0.00022058823529411763,0.025856414453750184
0.0001875,0.026269329023716186
0.00016483516483516484,0.026835983958476643
0.0001485148514851485,0.027046036040254285
0.00013636363636363637,0.027221081858681842
0.0001271186440677966,0.027369257730754343
0.00011999999999999999,0.027528962584901135
0.00011278195488721805,0.027633432238968907
0.00010791366906474819,0.02772340825603765
0.00010273972602739725,0.027803967537685288
