min panel size,zeta
0.0008333333333333334,0.023532764211662123
0.0004716981132075472,0.025996348977977757
0.0003676470588235294,0.02690230079575584
0.0003125,0.027242000724890407
0.0002747252747252747,0.027659430292263712
0.00024752475247524753,0.027838114151197472
0.00022727272727272727,0.027985036652083822
0.00021186440677966104,0.028107701144556792
0.0002,0.028211909882466003
0.00018796992481203009,0.028300611638060826
0.00017985611510791367,0.028374891912616967
0.00017123287671232877,0.028441791809286302
