min panel size,zeta
0.0001666666666666667,0.020731936276563365
9.259259259259262e-05,0.023109248892600607
7.142857142857145e-05,0.023701979145953872
5.952380952380954e-05,0.024095244401469346
5.263157894736843e-05,0.024340471017263804
4.761904761904763e-05,0.024549784018956047
4.385964912280703e-05,0.024637016022164004
4.065040650406505e-05,0.0247839567102362
3.816793893129772e-05,0.024845530913470516
3.623188405797102e-05,0.02490108554681814
3.448275862068966e-05,0.024951671420443154
3.289473684210527e-05,0.024997996386125314
