min panel size,zeta
0.0013333333333333335,0.025392549681941053
0.0007547169811320757,0.027095757160702002
0.0005882352941176472,0.027711048181248983
0.0005000000000000001,0.02796459124492095
0.00043956043956043967,0.02823207615812261
0.0003960396039603961,0.028365357837406933
0.0003636363636363637,0.02847233494874379
0.0003389830508474577,0.028559704587732875
0.0003200000000000001,0.028624904882468837
0.00030075187969924816,0.028689579237250337
0.0002877697841726619,0.028741287175393693
0.00027397260273972606,0.02878939858717701
