min panel size,zeta
0.002666666666666667,0.025683953002796127
0.0015094339622641513,0.027300305817166165
0.0011764705882352944,0.027815455420163268
0.0010000000000000002,0.02806841962053593
0.0008791208791208793,0.028268637662956515
0.0007920792079207922,0.028396990224683068
0.0007272727272727274,0.02849509230137382
0.0006779661016949154,0.02857162142125816
0.0006400000000000002,0.028627986154229755
0.0006015037593984963,0.028686830527025364
0.0005755395683453238,0.028728996092646945
0.0005479452054794521,0.028771697662479865
