min panel size,zeta
0.006666666666666667,0.022241927690369298
0.0037735849056603774,0.025151344353756426
0.0029411764705882353,0.02607555382225686
0.0025,0.026573308816449513
0.002197802197802198,0.026923387651212626
0.0019801980198019802,0.027175328708439864
0.0018181818181818182,0.027364615341822125
0.0016949152542372883,0.027509668747752417
0.0016,0.027621123100038746
0.0015037593984962407,0.027735014509309312
0.0014388489208633094,0.027812471148331235
0.0013698630136986301,0.027894607734010774
