min panel size,zeta
0.0033333333333333335,0.025210862970774538
0.0018867924528301887,0.02702094051091719
0.0014705882352941176,0.02758474502929557
0.00125,0.027872038764375245
0.001098901098901099,0.02808688098314071
0.0009900990099009901,0.028231750426273964
0.0009090909090909091,0.028341466492544553
0.0008474576271186442,0.028426271154725177
0.0008,0.028489676926229383
0.0007518796992481203,0.028555415821363044
0.0007194244604316547,0.028601395307494917
0.0006849315068493151,0.028648910796763148
