min panel size,zeta
0.010000000000000002,0.01916491674824778
0.0056603773584905665,0.02324184744167957
0.004411764705882354,0.02453848371992336
0.0037500000000000007,0.025233527480240707
0.003296703296703297,0.025723902840837348
0.0029702970297029708,0.026082673282270073
0.0027272727272727275,0.026352971574052905
0.0025423728813559325,0.026560409015644524
0.0024000000000000002,0.02672082454526315
0.002255639097744361,0.026884638376541502
0.0021582733812949644,0.026995809162929568
0.0020547945205479454,0.027114244471282266
