min panel size,zeta
0.005000000000000001,0.023744400520686645
0.0028301886792452833,0.026118625945812976
0.002205882352941177,0.02685578538921685
0.0018750000000000004,0.02724660051050898
0.0016483516483516486,0.027524475877634957
0.0014851485148514854,0.027721303053170807
0.0013636363636363637,0.02786926281211577
0.0012711864406779662,0.02798276785741267
0.0012000000000000001,0.028069317257977098
0.0011278195488721805,0.02815808519723428
0.0010791366906474822,0.02821882183553167
0.0010273972602739727,0.028282815056048505
