min panel size,zeta
0.0003125,0.005805706847048769
0.00018181818181818183,0.005936703541454338
0.00014084507042253522,0.00597970209910051
0.00011904761904761905,0.006003075680350651
0.00010526315789473685,0.006018066480576229
9.523809523809524e-05,0.006029083915822182
8.771929824561404e-05,0.0060374164152625165
8.19672131147541e-05,0.0060438341051753984
7.692307692307693e-05,0.006049494872053997
7.246376811594203e-05,0.006054526679501543
6.896551724137931e-05,0.006058492937459064
6.578947368421052e-05,0.006062108678424279
