min panel size,zeta
0.03125,0.005188497818184288
0.01818181818181818,0.01661379549713589
0.014084507042253521,0.017379535437586555
0.011904761904761904,0.017331030496111496
0.010526315789473684,0.01911212487956441
0.009523809523809525,0.019813471794585247
0.008771929824561403,0.0203908901924851
0.00819672131147541,0.020932993117422673
0.007692307692307693,0.02140384864262819
0.007246376811594203,0.021818291778670947
0.006896551724137931,0.022058374640142254
0.006578947368421052,0.02243979918966284
