min panel size,zeta
0.0009375,0.020465445604421196
0.0005454545454545455,0.02092975573757251
0.0004225352112676056,0.02107729641256157
0.00035714285714285714,0.021156187008675834
0.00031578947368421053,0.021206224816315667
0.0002857142857142857,0.021242690607981604
0.0002631578947368421,0.021270081163085833
0.0002459016393442623,0.021291061004310986
0.00023076923076923076,0.021309476343519176
0.00021739130434782607,0.021325770934021413
0.00020689655172413793,0.021338562977369475
0.00019736842105263157,0.021350184312078132
