min panel size,zeta
0.0015625,0.024208083980345525
0.0009090909090909091,0.024974816207638514
0.0007042253521126761,0.02521908965867899
0.0005952380952380953,0.025349787458940856
0.0005263157894736842,0.025432707817883947
0.0004761904761904762,0.025493142386690225
0.0004385964912280702,0.025538539628144487
0.0004098360655737705,0.025573310910910016
0.0003846153846153846,0.025603832421824724
0.00036231884057971015,0.02563083839474056
0.0003448275862068966,0.02565203924535686
0.0003289473684210526,0.02567129795583656
