min panel size,zeta
0.15625,0.00021934879038684185
0.09090909090909091,0.04523229125596096
0.07042253521126761,0.035397919084677036
0.05952380952380952,0.0015443150654452194
0.05263157894736842,0.0271897629423633
0.047619047619047616,0.024999345973374526
0.043859649122807015,0.0027985060107617527
0.040983606557377046,0.0031811036875343
0.038461538461538464,0.0035805179793362485
0.036231884057971016,0.003994827937602117
0.034482758620689655,0.019825685945202967
0.03289473684210526,0.0047498346698860135
