min panel size,zeta
0.0625,0.001400652334138112
0.03636363636363636,0.020481467967921243
0.028169014084507043,0.017887998673307887
0.023809523809523808,0.008078257709038316
0.021052631578947368,0.016645176042752792
0.01904761904761905,0.016591427898235256
0.017543859649122806,0.012157818297310245
0.01639344262295082,0.01311411683231413
0.015384615384615385,0.014003533042924446
0.014492753623188406,0.014825140075623919
0.013793103448275862,0.01748868384055142
0.013157894736842105,0.016104200578464446
