min panel size,zeta
0.09375,0.0006194476451361786
0.05454545454545454,0.028034671112986145
0.04225352112676056,0.02275571336438361
0.03571428571428571,0.004100041467722116
0.031578947368421054,0.018867630448135612
0.02857142857142857,0.01799740102425232
0.02631578947368421,0.006917100647725859
0.02459016393442623,0.007692687454358251
0.023076923076923078,0.008464216122006386
0.021739130434782608,0.009225535305648751
0.020689655172413793,0.016625479697371947
0.019736842105263157,0.01051790380677312
