min panel size,zeta
0.00125,0.022975111728461672
0.0007272727272727273,0.023592597690182654
0.0005633802816901409,0.023788906726580572
0.0004761904761904762,0.023893870387818858
0.0004210526315789474,0.02396043789877488
0.00038095238095238096,0.024008944949900926
0.00035087719298245617,0.02404537660957474
0.0003278688524590164,0.02407327890608467
0.0003076923076923077,0.02409776671279665
0.0002898550724637681,0.024119433243908996
0.00027586206896551725,0.024136441610928514
0.0002631578947368421,0.02415189170843933
