min panel size,zeta
0.046875,0.0024619039415899662
0.02727272727272727,0.01765897302921933
0.02112676056338028,0.016646787589569088
0.017857142857142856,0.011906896957546204
0.015789473684210527,0.016932672940549127
0.014285714285714285,0.01732136166259518
0.013157894736842105,0.016102301563211602
0.012295081967213115,0.016950212312409656
0.011538461538461539,0.01769972983056312
0.010869565217391304,0.018362000056820732
0.010344827586206896,0.019238159289862226
0.009868421052631578,0.019343799284426793
