min panel size,zeta
0.000625,0.015271759001326943
0.00036363636363636367,0.01557679349487584
0.00028169014084507044,0.015674212702470824
0.0002380952380952381,0.01572644281635842
0.0002105263157894737,0.01575963111089763
0.00019047619047619048,0.015783851810780826
0.00017543859649122808,0.015802066288377298
0.0001639344262295082,0.0158160305902813
0.00015384615384615385,0.015828297500762874
0.00014492753623188405,0.015839160387002612
0.00013793103448275863,0.01584769437531699
0.00013157894736842105,0.015855451727681946
