min panel size,zeta
0.0125,0.01669074392850062
0.007272727272727273,0.021651396827571653
0.005633802816901409,0.023236804642426306
0.004761904761904762,0.024140755806425034
0.004210526315789474,0.02469864474250898
0.0038095238095238095,0.025123060107874896
0.0035087719298245615,0.02544643791904223
0.003278688524590164,0.025694924710487753
0.003076923076923077,0.02591488393299018
0.002898550724637681,0.026110898279078993
0.0027586206896551726,0.026265625166793864
0.002631578947368421,0.026406941058112966
