min panel size,zeta
0.0046875,0.023832553066324827
0.002727272727272727,0.025917512984339502
0.002112676056338028,0.026608576167427945
0.0017857142857142857,0.02698282623704731
0.0015789473684210526,0.027221835836925022
0.0014285714285714286,0.02739678484293474
0.0013157894736842105,0.027528611545102104
0.0012295081967213114,0.027629819307880957
0.0011538461538461537,0.027718821549125347
0.0010869565217391304,0.02779770117605516
0.0010344827586206897,0.027859707640430796
0.000986842105263158,0.02791610053343905
