min panel size,zeta
0.025,0.007487798264998821
0.014545454545454545,0.017228109480652468
0.011267605633802818,0.01864860750112421
0.009523809523809525,0.019666001551293333
0.008421052631578947,0.020684357881599634
0.007619047619047619,0.021384297718083572
0.007017543859649123,0.022025034273118308
0.006557377049180328,0.02245407827014143
0.006153846153846154,0.022833493235511038
0.005797101449275362,0.023173067752132043
0.005517241379310345,0.023402794853364543
0.005263157894736842,0.023690833227436404
