min panel size,zeta
0.01875,0.011203372675536168
0.010909090909090908,0.018849798726517094
0.008450704225352112,0.02064647897845741
0.007142857142857143,0.02189583468796859
0.00631578947368421,0.022598028507137713
0.005714285714285714,0.02319226525635322
0.005263157894736842,0.023678121924288042
0.0049180327868852455,0.02402007273391587
0.004615384615384615,0.02432511000001312
0.004347826086956522,0.024598933965484467
0.004137931034482759,0.0248111003651217
0.003947368421052632,0.025016018608043523
